function y=fr(x)
y=2*pi*(0.0000138158751*x^8-0.0009654425144*x^7+0.0265693906494*x^6-0.3635218783190*x^5+2.5514896233574*x^4-8.6177179156921*x^3+9.4610731742741*x^2+91.3748562398528*x);
